,City,Cloudiness,Country,Date,Humidity,Latitude,Longitude,Max Temp,Wind Speed
0,lavrentiya,100,RU,1609436014,97,65.58,-171.0,23.5,4.94
1,guerrero negro,0,MX,1609436014,26,17.67,-100.0,75.07,1.7
2,kushiro,0,JP,1609436014,79,42.98,144.37,17.47,19.42
3,san policarpo,26,ML,1609436014,14,13.3,-4.9,85.75,7.05
4,beloha,0,MG,1609436015,52,-25.17,45.05,81.66,11.07
5,khatanga,18,RU,1609436015,83,71.97,102.5,-31.58,10.27
6,mar del plata,75,ES,1609436015,100,43.4,-4.01,46.0,9.17
7,saint-philippe,75,RE,1609436015,78,-21.36,55.77,78.8,16.11
8,mys shmidta,98,RU,1609436015,93,62.06,48.62,2.32,6.67
9,ribeira grande,75,ES,1609436015,93,42.75,-8.44,43.0,2.24
10,punta arenas,54,PH,1609436015,87,8.99,125.34,75.52,4.81
11,upernavik,100,GL,1609436016,85,72.79,-56.15,26.28,5.91
12,kurmanayevka,100,RU,1609436016,94,52.51,52.07,8.98,5.14
13,mataura,100,NZ,1609436016,96,-46.19,168.86,54.0,5.01
14,jamestown,90,US,1609436016,79,42.1,-79.24,30.0,5.73
15,east london,40,IS,1609436016,73,65.0,-15.0,21.2,6.93
16,atuona,13,PF,1609436017,78,-9.8,-139.03,77.83,17.25
17,lebu,51,CL,1609436017,64,-37.62,-73.65,61.3,23.33
18,qaanaaq,26,GL,1609436017,75,77.48,-69.36,7.75,4.03
19,nantucket,90,US,1609435925,87,41.28,-70.1,48.2,16.11
20,souillac,75,MU,1609436018,74,-20.52,57.52,78.8,17.22
21,kapaa,75,US,1609435852,83,22.08,-159.32,75.2,16.11
22,avarua,14,CK,1609436018,88,-21.21,-159.78,77.0,3.36
23,izhma,64,RU,1609436018,88,65.01,53.91,-13.94,6.15
24,busselton,0,AU,1609436018,76,-33.65,115.33,64.0,1.99
25,castro,99,BR,1609436018,93,-24.79,-50.01,67.15,5.23
26,nikolskoye,90,RU,1609436019,98,59.7,30.79,33.8,4.47
27,yulara,0,AU,1609436019,17,-25.24,130.99,73.4,4.7
28,bengkulu,97,ID,1609436019,81,-3.8,102.27,77.63,3.87
29,grindavik,75,IS,1609436019,86,63.84,-22.43,32.0,8.05
30,tautira,40,PF,1609436019,58,-17.73,-149.15,84.2,13.87
31,albany,100,US,1609435805,60,42.6,-73.97,39.0,10.18
32,micheweni,55,TZ,1609436020,78,-4.97,39.83,81.01,10.2
33,bluff,100,NZ,1609436020,96,-46.6,168.33,54.0,5.01
34,butaritari,100,KI,1609436020,78,3.07,172.79,80.91,16.17
35,kirakira,64,SB,1609436020,75,-10.45,161.92,79.81,2.48
36,fayaoue,100,NC,1609436020,79,-20.65,166.53,81.21,13.78
37,puerto ayora,20,ES,1609436020,76,36.59,-6.23,54.0,9.17
38,lahij,69,YE,1609436020,75,13.17,44.58,70.34,9.64
39,rikitea,0,PF,1609436020,75,-23.12,-134.97,77.79,14.43
40,nanortalik,100,GL,1609436021,93,60.14,-45.24,33.37,6.76
41,ancud,75,CL,1609436021,67,-41.87,-73.82,68.0,6.93
42,ushuaia,20,AR,1609436021,50,-54.8,-68.3,57.2,24.16
43,tiksi,100,RU,1609436021,88,71.69,128.87,-18.54,8.14
44,friesach,75,AT,1609436021,95,46.96,14.41,33.8,2.24
45,saldanha,2,ZA,1609436021,60,-33.01,17.94,71.6,14.99
46,tasiilaq,100,GL,1609436021,79,65.61,-37.64,28.4,16.11
47,vaini,75,TO,1609436021,88,-21.2,-175.2,75.2,5.82
48,itapuranga,66,BR,1609436022,56,-15.56,-49.95,86.2,1.79
49,georgetown,20,MY,1609435815,78,5.41,100.34,78.01,3.36
50,jinxiang,0,CN,1609436022,69,27.43,120.61,36.39,6.73
51,haines junction,90,US,1609436022,85,59.23,-135.44,26.6,11.41
52,zarumilla,75,PE,1609436022,74,-3.5,-80.27,80.6,6.93
53,barrow,1,US,1609436022,68,71.29,-156.79,-16.6,13.87
54,port alfred,94,CD,1609436022,72,-7.03,29.76,74.55,1.77
55,genas,100,FR,1609436022,81,45.73,5.0,42.8,18.34
56,eureka,55,US,1609436023,96,40.8,-124.16,48.99,3.56
57,robertsport,77,LR,1609436023,76,6.75,-11.37,82.06,12.33
58,imaculada,85,BR,1609436023,28,-7.39,-37.51,90.46,4.88
59,tuktoyaktuk,75,CA,1609436023,75,69.45,-133.04,-20.2,8.05
60,portland,90,US,1609435763,87,45.52,-122.68,48.99,12.75
61,caceres,87,ES,1609436024,90,39.52,-6.37,46.99,5.01
62,awbari,0,LY,1609436024,33,26.59,12.78,58.57,5.86
63,namatanai,100,PG,1609436024,77,-3.67,152.43,79.23,4.63
64,quelimane,20,MZ,1609436024,74,-17.88,36.89,86.0,14.99
65,hilo,90,US,1609435983,83,19.73,-155.09,69.8,9.17
66,bredasdorp,8,ZA,1609436024,60,-34.53,20.04,68.0,18.34
67,ulladulla,75,AU,1609436024,88,-35.35,150.47,62.6,5.55
68,razole,34,IN,1609436024,88,16.48,81.83,67.57,4.23
69,carman,52,CA,1609436025,78,49.5,-98.0,14.0,4.76
70,kruisfontein,19,ZA,1609436025,67,-34.0,24.73,69.01,8.01
71,neuquen,0,AR,1609435824,42,-38.95,-68.06,82.4,12.75
72,ayan,100,RU,1609436025,79,56.45,138.17,-14.13,14.94
73,hermanus,38,ZA,1609436025,72,-34.42,19.23,68.0,5.01
74,new norfolk,20,LR,1609436025,70,6.65,-10.59,87.8,9.17
75,carrick-on-suir,98,IE,1609436026,99,52.35,-7.41,36.0,5.01
76,mahebourg,75,MU,1609436026,74,-20.41,57.7,78.8,17.22
77,provideniya,99,RU,1609436026,97,64.38,-173.3,19.62,11.81
78,campana,0,AR,1609435789,26,-34.17,-58.96,82.99,1.01
79,salalah,75,OM,1609436026,60,17.02,54.09,75.2,3.36
80,husavik,0,IS,1609436026,92,66.04,-17.34,10.4,3.36
81,geraldton,90,AU,1609436026,78,-28.77,114.6,71.6,6.93
82,kuching,20,MY,1609436027,94,1.55,110.33,75.2,3.42
83,chokurdakh,100,RU,1609436027,90,70.63,147.92,-11.15,10.51
84,bjornevatn,3,NO,1609436027,85,69.67,29.98,24.8,16.11
85,inirida,93,CO,1609436027,63,3.87,-67.92,88.29,2.01
86,atasu,100,KZ,1609436028,95,48.68,71.64,5.54,2.89
87,ocos,5,GT,1609436028,48,14.51,-92.19,86.0,6.93
88,wenatchee,20,US,1609435908,92,47.42,-120.31,30.0,8.05
89,dunedin,100,NZ,1609435948,89,-45.87,170.5,59.0,3.18
90,hyderabad,40,IN,1609435818,82,17.38,78.47,70.0,4.7
91,tiznit,3,MA,1609436028,76,29.58,-9.5,55.56,5.91
92,flinders,100,AU,1609436029,85,-34.58,150.86,64.99,1.99
93,hay river,9,GB,1609436029,94,52.07,-3.13,33.01,2.77
94,aswan,0,EG,1609436029,26,24.09,32.91,64.8,8.25
95,surgana,47,IN,1609436029,52,20.57,73.62,68.25,3.98
96,rognan,0,NO,1609436029,59,67.1,15.39,33.8,25.28
97,muscat,0,OM,1609435854,52,23.61,58.59,69.8,9.17
98,vardo,75,NO,1609436029,80,70.37,31.11,30.2,8.05
99,sao joao da barra,80,IN,1609436030,47,20.51,76.21,66.09,8.93
100,san quintin,26,ML,1609436030,14,13.3,-4.9,85.75,7.05
101,arraial do cabo,90,BR,1609436030,94,-22.84,-46.65,84.99,9.17
102,gornyy,95,RU,1609436030,88,55.12,83.91,-21.17,5.48
103,alofi,95,NU,1609436030,100,-19.06,-169.92,71.6,1.12
104,westport,90,US,1609435992,81,41.14,-73.36,45.0,5.82
105,kaitangata,100,NZ,1609436031,86,-46.28,169.85,59.0,5.01
106,alma,94,CA,1609436031,68,48.55,-71.65,24.8,14.99
107,mehamn,27,NO,1609436031,95,71.04,27.85,24.71,12.3
108,novyy urengoy,0,RU,1609436031,93,45.01,38.98,42.01,6.71
109,wexford,75,IE,1609435795,93,52.33,-6.46,36.0,10.29
110,carnarvon,40,AU,1609436031,94,-24.87,113.63,75.2,12.75
111,olafsvik,91,IS,1609436031,91,64.89,-23.71,31.69,12.39
112,stephenville,90,US,1609436032,93,32.22,-98.2,36.0,14.99
113,airai,98,TL,1609436032,100,-8.93,125.41,61.59,0.56
114,filadelfia,90,US,1609435833,75,39.95,-75.16,46.4,9.17
115,hobart,90,AU,1609436032,76,-42.88,147.33,57.2,3.36
116,yellowknife,75,CA,1609436032,84,62.46,-114.35,-2.2,5.82
117,yar-sale,88,RU,1609436032,88,66.83,70.83,-21.44,3.49
118,brezoaiele,96,RO,1609436032,100,44.58,25.73,50.0,6.93
119,santa cruz,21,PH,1609436033,70,17.49,120.43,71.55,9.01
120,hithadhoo,100,MV,1609435853,77,-0.6,73.08,82.69,11.39
121,kijang,20,KR,1609436033,68,35.24,129.21,28.4,6.93
122,hirado,96,JP,1609436033,25,33.36,129.55,39.99,5.99
123,cape town,0,CL,1609436033,30,-36.41,-71.9,80.6,11.41
124,mareeba,75,AU,1609436033,94,-17.0,145.43,77.0,1.12
125,muros,79,ES,1609436034,82,42.78,-9.06,48.0,14.14
126,bend,1,US,1609435915,69,44.06,-121.32,39.2,8.05
127,singaraja,100,ID,1609436034,71,-8.11,115.09,79.02,2.93
128,cozumel,40,MX,1609435814,74,20.51,-86.95,84.2,10.29
129,harper,81,LR,1609436009,77,4.38,-7.72,81.59,6.51
130,yining,0,CN,1609436034,84,29.04,114.56,29.14,0.31
131,nioro,35,GM,1609436035,16,13.35,-15.75,98.33,5.32
132,kodiak,75,US,1609436035,100,57.79,-152.41,28.4,4.7
133,mahibadhoo,68,MV,1609436035,78,3.78,72.97,82.67,12.35
134,diffa,5,NE,1609436035,18,13.32,12.61,77.54,7.96
135,bathsheba,40,BB,1609436035,66,13.22,-59.52,84.2,24.16
136,fairbanks,40,US,1609435902,83,64.84,-147.72,3.0,3.36
137,katobu,98,ID,1609436035,93,-4.94,122.53,76.48,3.31
138,san patricio,26,ML,1609435806,14,13.3,-4.9,85.75,7.05
139,guarapari,20,BR,1609436036,55,-20.67,-40.5,87.8,16.11
140,motygino,100,RU,1609436036,85,58.18,94.76,-17.18,5.28
141,deputatskiy,100,RU,1609436036,87,69.3,139.9,-21.05,5.7
142,alice springs,90,US,1609436036,93,27.75,-98.07,51.8,18.34
143,sembe,98,CG,1609436036,60,1.65,14.58,78.84,2.57
144,antropovo,100,RU,1609436036,99,58.4,43.01,26.33,9.24
145,port elizabeth,94,CD,1609436022,72,-7.03,29.76,74.55,1.77
146,adrar,69,MR,1609436037,22,20.5,-10.07,75.7,10.49
147,vila do maio,94,PT,1609436037,92,42.03,-8.16,43.0,8.99
148,vila franca do campo,94,PT,1609436037,92,42.03,-8.16,43.0,8.99
149,jiaonan,0,CN,1609436037,72,35.88,119.98,25.0,2.24
150,karratha,3,AU,1609436038,72,-20.74,116.85,84.92,8.81
151,bure,81,ET,1609436038,40,10.7,37.07,63.97,6.17
152,bonavista,100,CA,1609435971,86,48.65,-53.11,26.6,8.05
153,asau,71,RO,1609436038,73,46.43,26.4,42.01,4.32
154,lagoa,78,PT,1609436038,79,39.05,-27.98,59.76,15.03
155,zhangjiakou,0,CN,1609436038,66,40.81,114.88,6.19,3.33
156,tessalit,0,ML,1609436038,22,20.2,1.01,77.67,7.58
157,longyearbyen,90,SJ,1609436038,92,78.22,15.64,28.4,10.29
158,marzuq,93,YE,1609436039,70,14.4,46.47,62.44,5.41
159,lompoc,75,US,1609435810,71,34.64,-120.46,53.6,12.75
160,toledo,48,ES,1609436039,75,39.83,-4.0,46.0,16.51
161,half moon bay,20,LR,1609436039,70,6.38,-10.7,87.8,9.17
162,makakilo city,20,US,1609435749,73,21.35,-158.09,75.2,4.7
163,wattegama,31,LK,1609436039,94,6.8,81.48,72.91,5.79
164,sao raimundo das mangabeiras,80,IN,1609436039,47,20.51,76.21,66.09,8.93
165,gubkinskiy,12,RU,1609436039,84,64.43,76.5,-25.51,7.67
166,thompson,90,CA,1609436040,84,55.74,-97.86,6.8,5.82
167,bambous virieux,75,MU,1609436040,74,-20.26,57.41,78.8,17.22
168,mount isa,66,GB,1609436040,94,53.66,-1.85,33.01,2.33
169,imbituba,40,BR,1609436040,74,-28.24,-48.67,82.4,14.99
170,victoria,0,HK,1609435814,35,22.29,114.16,51.01,10.22
171,aden,46,YE,1609435890,74,12.78,45.04,76.48,17.18
172,ishigaki,88,JP,1609436040,71,24.34,124.16,59.94,22.17
173,linxia,0,CN,1609436041,75,35.6,103.21,17.87,1.57
174,krasnoselkup,45,RU,1609436041,82,65.7,82.47,-19.91,7.23
175,arona,75,ES,1609436041,82,28.1,-16.68,69.01,12.75
176,tabas,0,IR,1609436041,38,33.6,56.92,41.0,2.24
177,ponta do sol,40,PT,1609436041,82,38.73,-28.27,60.8,24.16
178,bijie,100,CN,1609436041,91,27.31,105.29,29.55,5.35
179,hofn,0,IS,1609436042,86,64.25,-15.21,31.23,6.58
180,soyo,99,AO,1609436042,86,-6.13,12.37,78.26,6.11
181,mananjary,6,MG,1609436042,86,-21.22,48.33,75.7,7.99
182,kenai,20,US,1609436042,85,60.55,-151.26,26.01,8.05
183,tomatlan,1,MX,1609436042,40,19.93,-105.25,77.32,3.15
184,mandalgovi,36,MN,1609436043,76,45.76,106.27,-9.29,9.53
185,taoudenni,69,ML,1609436043,18,22.68,-3.98,79.14,12.08
186,teahupoo,40,PF,1609436043,58,-17.83,-149.27,84.2,13.87
187,cabo san lucas,40,BR,1609436043,78,-8.28,-35.03,77.0,9.17
188,sept-iles,89,CA,1609435992,79,50.2,-66.38,28.0,13.87
189,khagaul,0,IN,1609436043,81,25.58,85.05,50.0,4.9
190,ekibastuz,0,KZ,1609436044,87,51.67,75.37,-19.19,7.78
191,shelburne,90,CA,1609436044,91,44.08,-80.2,33.01,10.38
192,puerto madryn,20,ES,1609435997,76,36.59,-6.23,54.0,9.17
193,minot,90,US,1609436019,63,48.23,-101.3,30.2,8.05
194,yeppoon,40,AU,1609436044,78,-23.13,150.73,75.2,8.05
195,colwyn bay,90,US,1609436044,75,39.91,-75.25,46.4,9.17
196,nhulunbuy,40,AU,1609436045,100,-12.23,136.77,77.0,5.82
197,miramar,40,US,1609435806,65,25.99,-80.23,81.0,16.11
198,sitka,20,US,1609436045,86,57.05,-135.33,33.8,3.36
199,praya,20,CV,1609436024,61,14.92,-23.51,80.6,17.22
200,neiafu,40,TO,1609436045,88,-18.65,-173.98,77.0,12.35
201,comodoro rivadavia,48,BR,1609436045,46,-13.66,-59.79,89.02,2.28
202,touros,40,BR,1609436045,58,-5.2,-35.46,87.8,16.11
203,tanout,3,NE,1609436046,17,14.97,8.89,74.1,9.1
204,kawalu,100,ID,1609436046,88,-7.38,108.21,73.35,2.08
205,sooke,100,CA,1609436046,93,48.37,-123.73,46.4,2.24
206,chivacoa,20,VE,1609436046,48,10.16,-68.89,86.0,6.93
207,mikuni,75,JP,1609435805,71,36.22,136.15,37.4,24.16
208,zarand,0,IR,1609436046,67,30.81,56.56,37.74,3.4
209,egvekinot,100,RU,1609436046,93,66.32,-179.17,-2.25,14.47
210,matara,5,LK,1609436046,83,5.95,80.54,76.77,12.95
211,cidreira,71,BR,1609436047,45,-30.18,-50.21,78.33,12.35
212,hobyo,96,SO,1609436047,72,5.35,48.53,77.34,21.07
213,meulaboh,100,ID,1609436047,89,4.14,96.13,76.98,1.86
214,faanui,80,PF,1609436047,78,-16.48,-151.75,80.8,20.98
215,margate,10,GB,1609435998,83,51.38,1.39,35.01,3.0
216,kalakamati,40,BW,1609436047,73,-20.59,27.31,77.0,6.93
217,fort nelson,78,NL,1609436047,90,52.65,6.39,37.0,1.36
218,tavda,0,RU,1609436048,86,58.04,65.27,-24.27,3.0
219,hasaki,20,JP,1609436048,92,35.73,140.83,23.0,2.24
220,tulsipur,52,NP,1609436048,53,28.13,82.3,52.38,4.36
221,port-gentil,40,GA,1609436048,83,-0.72,8.78,82.4,11.41
222,fort-shevchenko,0,KZ,1609436048,73,44.51,50.26,38.77,23.0
223,mindelo,20,CV,1609436048,65,16.89,-24.98,77.0,23.04
224,minab,0,IR,1609436048,62,27.15,57.08,53.6,6.93
225,tiarei,40,PF,1609436049,58,-17.53,-149.33,84.2,13.87
226,mulchen,0,CL,1609436049,29,-37.72,-72.23,78.8,14.99
227,forio,20,IT,1609436049,62,40.73,13.86,51.8,4.7
228,naryan-mar,0,RU,1609436049,86,67.67,53.09,-18.69,9.4
229,coquimbo,40,CL,1609435985,68,-29.95,-71.34,66.2,11.41
230,srandakan,100,ID,1609436049,87,-7.94,110.25,76.06,2.57
231,severo-kurilsk,100,RU,1609436050,88,50.68,156.12,25.47,12.17
232,goba,39,ET,1609436050,86,7.02,39.98,51.13,1.57
233,chuy,0,UY,1609436050,40,-33.7,-53.46,73.45,15.03
234,kailua,75,US,1609436050,69,21.4,-157.74,75.2,13.87
235,merauke,100,ID,1609436050,84,-8.47,140.33,78.55,7.96
236,belyy yar,100,RU,1609436050,97,55.84,32.94,35.49,6.22
237,richards bay,1,US,1609436051,85,46.84,-95.91,19.4,11.41
238,roma,90,US,1609435790,69,43.21,-75.46,35.01,13.87
239,camana,97,PE,1609435808,69,-16.62,-72.71,74.53,7.78
240,kathmandu,20,NP,1609435973,87,27.72,85.32,42.8,2.24
241,seminole,75,US,1609436051,61,28.71,-81.21,80.01,17.22
242,dikson,90,RU,1609436051,86,73.51,80.55,-16.65,12.84
243,beitbridge,58,ZW,1609436051,51,-22.22,30.0,86.2,15.05
244,kagal,97,IN,1609436052,54,16.58,74.32,76.91,9.6
245,port macquarie,94,CD,1609436022,72,-7.03,29.76,74.55,1.77
246,ruteng,100,ID,1609436052,100,-8.61,120.47,63.75,1.16
247,whitehorse,75,CA,1609435813,92,60.72,-135.05,15.01,4.7
248,zhigansk,87,RU,1609436052,84,66.77,123.37,-23.44,18.97
249,sao filipe,80,IN,1609436030,47,20.51,76.21,66.09,8.93
250,vilhena,75,BR,1609436052,65,-12.74,-60.15,82.4,10.29
251,scarborough,67,GB,1609436052,85,54.28,-0.4,32.0,8.39
252,caravelas,0,BR,1609435800,58,-17.71,-39.25,84.22,10.83
253,paravola,40,GR,1609436053,81,38.62,21.52,53.6,1.25
254,hirara,55,JP,1609436053,73,24.8,125.28,60.13,23.98
255,carutapera,65,BR,1609436053,55,-1.2,-46.02,87.98,8.59
256,iquitos,75,PE,1609435860,55,-3.75,-73.25,91.4,10.29
257,zhirnovsk,100,RU,1609436053,97,50.98,44.77,22.19,8.3
258,koutiala,28,ML,1609436053,13,12.39,-5.46,85.41,5.99
259,vestmannaeyjar,86,IS,1609436053,92,63.44,-20.27,32.43,13.31
260,noumea,100,NC,1609436054,94,-22.28,166.46,80.01,1.12
261,bulaevo,55,KZ,1609436054,87,54.91,70.44,-21.55,4.7
262,keetmanshoop,87,NA,1609436054,24,-26.58,18.13,85.66,14.18
263,gayny,99,RU,1609436054,93,60.31,54.32,-1.32,5.41
264,escuinapa,5,MX,1609436054,72,22.85,-105.8,60.8,0.67
265,baft,59,IR,1609436054,74,29.23,56.61,37.69,1.19
266,katsuura,20,JP,1609436055,35,35.13,140.3,39.2,4.7
267,cap malheureux,40,FR,1609436055,69,49.27,-1.21,41.0,4.7
268,mildura,42,AU,1609436055,43,-34.2,142.15,71.6,6.93
269,norman wells,1,US,1609435806,74,35.22,-97.44,30.2,16.11
270,bocaiuva,0,BR,1609436055,31,-17.11,-43.81,87.8,3.36
271,biharamulo,92,TZ,1609436055,92,-2.63,31.31,63.46,2.26
272,toora-khem,100,RU,1609436055,89,52.47,96.11,-6.59,0.69
273,darhan,100,MN,1609436056,81,49.49,105.92,-9.78,1.23
274,that phanom,10,IN,1609436056,38,26.86,71.83,52.81,8.88
275,chifeng,0,CN,1609436056,79,42.27,118.96,-7.58,7.34
276,klaksvik,100,FO,1609436056,81,62.23,-6.59,35.6,19.46
277,luderitz,0,NA,1609436056,60,-26.65,15.16,69.8,27.51
278,okhotsk,86,RU,1609436056,80,59.38,143.3,-2.16,19.04
279,yangambi,99,CD,1609436056,72,0.81,24.43,77.72,0.94
280,vagur,98,FO,1609436057,75,61.47,-6.81,39.4,23.2
281,troitsko-pechorsk,97,RU,1609436057,89,62.71,56.2,-12.68,6.02
282,pevek,100,RU,1609436057,87,69.7,170.31,-21.48,8.28
283,jalu,0,LY,1609436057,33,29.03,21.55,59.23,7.9
284,paciran,100,ID,1609436057,83,-6.88,112.38,78.24,3.83
285,losevo,100,RU,1609436057,93,50.68,40.05,33.69,11.18
286,pinawa,53,CA,1609436057,96,50.15,-95.88,15.66,6.31
287,laramie,1,US,1609436058,58,41.31,-105.59,33.01,9.17
288,araouane,2,ML,1609436058,24,18.9,-3.53,79.29,3.65
289,ambanja,73,MG,1609436058,88,-13.68,48.45,74.68,4.18
290,padang,90,ID,1609436058,94,-0.95,100.35,77.0,2.24
291,jatiroto,99,ID,1609436058,85,-7.88,111.12,74.14,0.78
292,qui nhon,40,BR,1609436058,70,-10.97,-37.6,84.2,11.41
293,tadine,100,NC,1609436058,85,-21.55,167.88,77.81,8.57
294,raudeberg,96,NO,1609436059,84,61.99,5.14,39.0,19.69
295,sarangani,99,PH,1609436059,76,5.4,125.46,83.37,19.48
296,dingli,0,MT,1609436059,71,35.86,14.38,55.0,8.05
297,logan lake,90,US,1609436059,85,41.74,-111.83,25.0,3.36
298,khani,0,GE,1609436059,39,41.96,42.96,48.2,4.7
299,gamba,79,GA,1609436059,87,-2.65,10.0,77.68,5.21
300,leningradskiy,100,RU,1609436059,88,69.38,178.42,-11.87,12.57
301,tual,76,ID,1609436060,76,-5.67,132.75,84.07,9.22
302,bilma,0,NE,1609436060,19,18.69,12.92,69.87,7.23
303,vao,100,NC,1609436060,85,-22.67,167.48,78.1,16.15
304,mach,36,PK,1609436060,45,29.86,67.33,44.01,1.01
305,oudtshoorn,75,ZA,1609436060,82,-33.59,22.2,66.2,13.87
306,saskylakh,65,RU,1609436060,83,71.92,114.08,-27.36,13.29
307,aklavik,90,CA,1609436060,83,68.22,-135.01,-5.8,2.24
308,noo,93,EE,1609436061,100,58.28,26.54,35.01,6.93
309,blagoyevo,99,RU,1609436061,93,63.37,47.92,2.86,7.54
310,salta,75,AR,1609436061,68,-24.79,-65.41,71.6,5.82
311,charters towers,90,US,1609436061,92,38.57,-83.43,32.0,9.17
312,yumen,0,CN,1609436061,81,40.28,97.2,15.3,14.38
313,port hedland,94,CD,1609436061,72,-7.03,29.76,74.55,1.77
314,codrington,39,AU,1609436061,94,-38.27,141.97,56.91,8.08
315,luorong,1,CN,1609436062,62,24.41,109.61,38.55,6.93
316,abu kamal,0,IN,1609436062,53,24.6,72.7,47.91,6.4
317,samarai,100,PG,1609436062,77,-10.62,150.67,82.89,10.78
318,ixtapa,5,MX,1609435941,63,20.7,-105.2,68.0,4.7
319,maragogi,52,BR,1609436062,71,-9.01,-35.22,82.0,12.57
320,barentu,5,ER,1609436062,38,15.11,37.59,70.65,6.8
321,labuhan,99,ID,1609436062,81,-6.88,112.21,78.49,3.98
322,bull savanna,20,LR,1609436063,70,6.2,-10.28,87.8,9.17
323,manokwari,100,ID,1609436063,75,-0.87,134.08,80.13,2.91
324,raymond,100,US,1609436063,64,43.9,-70.47,43.0,1.01
325,key west,90,US,1609436063,64,32.73,-101.8,33.8,16.11
326,kiama,100,AU,1609436063,76,-34.68,150.87,64.99,1.99
327,laguna,90,US,1609435890,87,38.42,-121.42,48.2,9.17
328,kaduqli,40,SD,1609436063,16,11.02,29.72,80.89,9.42
329,curuguaty,78,PY,1609436064,64,-24.47,-55.69,89.26,3.98
330,onega,100,RU,1609436064,97,63.91,38.14,26.4,13.49
331,bud,90,US,1609436064,79,39.45,-86.18,27.0,3.36
332,port maria,94,CD,1609436064,72,-7.03,29.76,74.55,1.77
333,west allis,90,US,1609436064,100,31.8,-97.09,41.0,12.75
334,columbia,90,US,1609436037,93,34.0,-81.03,50.0,3.11
335,junction city,100,US,1609436064,97,30.49,-99.77,33.01,15.79
336,eloy,1,US,1609436064,22,32.76,-111.55,53.6,11.41
337,khor,77,RU,1609435881,89,47.89,134.95,-14.46,4.85
338,ahipara,66,NZ,1609436065,73,-35.17,173.17,60.31,1.34
339,bethel,90,US,1609436065,75,41.37,-73.41,42.8,5.82
340,alenquer,75,BR,1609436065,83,-1.94,-54.74,78.8,4.7
341,havre-saint-pierre,75,CA,1609436065,86,50.23,-63.6,26.6,6.93
342,zaozerne,86,UA,1609436065,64,45.16,33.28,53.33,8.43
343,baruun-urt,51,MN,1609435931,80,46.68,113.28,-11.54,2.66
344,mandan,90,US,1609436038,85,46.83,-100.89,30.0,4.7
345,pontivy,0,FR,1609436066,93,48.0,-3.0,37.99,3.36
346,marsa matruh,0,MT,1609436066,71,35.88,14.5,55.0,8.05
347,gao,0,ML,1609436066,18,16.64,1.64,78.49,7.27
348,beya,100,RU,1609436066,91,53.05,90.91,0.12,1.68
349,kangaatsiaq,85,GL,1609436066,93,68.31,-53.46,32.04,19.24
350,pisco,40,PE,1609436067,78,-13.7,-76.22,73.99,8.05
351,svetlaya,3,RU,1609436067,79,46.54,138.33,-7.56,11.77
352,natal,40,BR,1609436040,66,-5.79,-35.21,87.8,18.34
353,monte cristi,20,FR,1609436067,75,42.47,9.39,51.01,5.82
354,udachnyy,0,RU,1609436067,74,66.42,112.4,-23.8,6.71
355,batagay,100,RU,1609436067,82,67.63,134.63,-31.22,2.42
356,coihaique,90,CL,1609436068,59,-45.58,-72.07,60.8,11.41
357,nemuro,0,JP,1609436068,85,43.32,145.57,20.77,20.96
358,aloleng,100,PH,1609436068,67,16.13,119.78,76.17,7.47
359,usinsk,0,RU,1609436068,84,65.99,57.53,-19.66,6.6
360,magrath,30,CA,1609436068,74,49.42,-112.87,37.4,11.41
361,baoqing,96,CN,1609435837,86,46.33,132.21,-17.16,6.78
362,mandurah,0,AU,1609436068,68,-32.55,115.7,72.0,9.17
363,jardim,100,BR,1609436069,52,-21.48,-56.14,89.46,5.37
364,clyde river,100,US,1609435797,72,41.3,-82.98,32.0,4.85
365,mudgee,90,AU,1609436069,82,-32.59,149.59,64.0,11.41
366,moron,0,AR,1609436012,22,-34.65,-58.62,82.99,4.0
367,verkhnevilyuysk,95,RU,1609436069,86,63.45,120.32,-21.95,7.76
368,oktyabrskoye,61,RU,1609436070,92,43.06,44.74,26.6,2.24
369,morros,61,BR,1609436070,29,-9.45,-46.3,93.47,4.99
370,leh,91,IN,1609436070,53,34.17,77.58,3.22,1.19
371,san diego de la union,26,ML,1609435806,14,13.3,-4.9,85.75,7.05
372,kerrville,90,US,1609435792,93,30.05,-99.14,35.6,3.36
373,san jeronimo,26,ML,1609436030,14,13.3,-4.9,85.75,7.05
374,jonkoping,95,SE,1609436070,100,57.78,14.16,35.6,9.17
375,kavaratti,1,IN,1609436070,70,10.57,72.64,83.01,3.67
376,moron de la frontera,0,AR,1609435925,22,-34.65,-58.62,82.99,5.01
377,bueno brandao,20,BR,1609436071,52,-15.21,-56.21,89.6,5.82
378,iqaluit,75,CA,1609436071,69,63.75,-68.51,-9.4,2.8
379,kieta,73,PG,1609436071,74,-6.22,155.63,79.2,0.94
380,nara,10,JP,1609435936,55,34.69,135.8,37.0,3.0
381,berbera,30,SO,1609436071,72,10.44,45.01,76.05,11.59
382,alyangula,75,AU,1609436071,100,-13.85,136.42,78.8,3.36
383,isangel,100,VU,1609436071,80,-19.55,169.27,78.1,5.14
384,jinchang,0,CN,1609436072,72,38.5,102.17,18.25,5.14
385,sohag,0,EG,1609436072,51,26.56,31.69,62.6,11.41
386,honningsvag,2,NO,1609436072,93,70.98,25.97,31.23,17.16
387,kyshtovka,97,RU,1609436072,90,56.55,76.63,-9.72,6.35
388,akureyri,0,IS,1609436072,92,65.68,-18.09,10.4,3.36
389,rio gallegos,40,GR,1609436072,81,38.3,21.78,55.99,7.38
390,uyuni,97,BO,1609436072,32,-20.46,-66.83,64.98,16.02
391,eyrarbakki,90,IS,1609436072,92,63.86,-21.15,32.0,2.24
392,grand gaube,1,US,1609435887,100,38.88,-109.5,12.2,1.39
393,wasilla,1,US,1609436073,84,61.58,-149.44,24.01,3.13
394,banff,86,CA,1609436073,78,51.18,-115.57,24.8,5.82
395,zitlala,1,MX,1609436073,35,17.63,-99.08,63.36,8.08
396,vila velha,94,PT,1609436073,92,42.03,-8.16,43.0,7.0
397,florianopolis,40,BR,1609435872,74,-27.61,-48.5,84.99,14.99
398,carlos barbosa,1,US,1609436074,85,45.97,-95.29,19.4,13.87
399,vytegra,100,RU,1609436074,97,61.01,36.45,30.02,12.48
400,balikpapan,100,ID,1609436074,86,-1.27,116.83,77.02,3.36
401,bourbonnais,90,US,1609436074,73,41.14,-87.88,28.0,3.02
402,tougan,0,BF,1609436074,14,13.07,-3.07,84.9,6.71
403,leshukonskoye,100,RU,1609436074,94,64.9,45.76,6.04,7.4
404,troitskoye,100,RU,1609435896,90,52.98,84.68,-9.27,4.16
405,copiapo,0,CL,1609436005,53,-27.37,-70.33,75.2,10.29
406,fethiye,75,TR,1609436075,87,36.62,29.12,59.0,4.7
407,goderich,100,CA,1609435812,94,43.75,-81.72,32.0,13.87
408,amapa,90,BR,1609436075,42,1.0,-52.0,92.34,4.99
409,sorong,88,ID,1609436075,79,-0.88,131.25,81.95,7.09
410,kalmunai,41,LK,1609436075,82,7.42,81.82,78.3,11.81
411,oxbow,90,CA,1609436075,85,49.23,-102.17,24.8,5.82
412,karia,0,NG,1609436076,22,11.73,11.16,80.29,8.86
413,susanville,90,US,1609436076,85,40.42,-120.65,34.0,2.3
414,narsaq,100,GL,1609436076,94,60.92,-46.05,32.0,2.24
415,rawson,11,AR,1609436076,39,-43.3,-65.1,70.56,14.92
416,lujan,0,AR,1609436076,25,-34.57,-59.1,82.99,8.99
417,cayenne,0,GF,1609436033,78,4.93,-52.33,82.4,6.93
418,nekhayevskiy,100,RU,1609436077,88,50.41,41.76,30.0,8.01
419,aykhal,0,RU,1609436077,74,66.0,111.5,-23.8,6.71
420,norwich,90,GB,1609435971,100,52.63,1.3,30.99,8.05
421,marawi,64,PH,1609436077,91,8.0,124.29,75.0,5.99
422,talara,0,PE,1609436077,55,-4.58,-81.27,86.0,16.11
423,port blair,94,CD,1609436061,72,-7.03,29.76,74.55,1.77
424,ostrovnoy,98,RU,1609436078,95,68.05,39.51,15.13,11.52
425,awallan,100,PH,1609436078,88,17.92,121.91,67.3,3.36
426,lasa,20,IT,1609436078,61,46.62,10.7,28.0,2.48
427,talnakh,0,RU,1609436078,57,69.49,88.4,-13.0,4.88
428,bugry,100,RU,1609436078,97,60.07,30.39,34.0,4.14
429,seoul,1,KR,1609436078,72,37.57,126.98,15.8,1.39
430,kavieng,65,PG,1609436078,71,-2.57,150.8,82.35,7.4
431,plymouth,20,US,1609436079,81,41.83,-70.83,46.4,10.29
432,bilibino,100,RU,1609436079,80,68.05,166.44,-31.86,1.83
433,tuxpan,40,MX,1609435858,77,19.55,-103.4,64.4,8.05
434,kahului,20,US,1609435814,78,20.89,-156.47,71.6,13.87
435,sumbe,96,AO,1609436079,77,-11.21,13.84,78.42,6.82
436,calella,73,ES,1609436079,36,41.62,2.67,53.01,4.0
437,shache,0,CN,1609436079,89,38.42,77.24,18.03,3.31
438,najran,20,SA,1609436080,39,17.49,44.13,66.2,4.7
439,stratford,90,US,1609435912,81,41.18,-73.13,46.0,5.82
440,ilulissat,100,GL,1609436080,52,69.22,-51.1,42.8,31.09
441,vanavara,55,RU,1609436080,85,60.34,102.28,-28.07,2.42
442,fortuna,90,US,1609436080,100,40.6,-124.16,48.99,1.36
443,constitucion,98,CL,1609436080,45,-35.33,-72.42,70.02,14.27
444,nuuk,100,GL,1609436080,100,64.18,-51.72,28.4,17.22
445,collie,0,AU,1609436081,76,-33.37,116.15,61.0,1.99
446,itum-kale,23,RU,1609436081,43,42.74,45.58,46.54,6.22
447,conde,75,BR,1609436081,70,-7.26,-34.91,84.2,13.87
448,faya,0,SA,1609436081,77,18.39,42.45,59.0,6.93
449,yokadouma,81,CM,1609436081,32,3.52,15.05,77.94,0.69
450,doha,0,QA,1609436055,77,25.29,51.53,68.0,3.36
451,tambura,41,SS,1609436082,26,5.6,27.47,82.58,4.5
452,mount juliet,66,GB,1609436082,94,53.66,-1.85,33.01,2.33
453,petropavlovsk-kamchatskiy,40,RU,1609436082,73,53.05,158.65,19.4,6.71
454,torbay,90,CA,1609436082,74,47.67,-52.73,33.01,8.05
455,esperance,90,AU,1609436082,88,-33.87,121.9,62.6,12.75
456,camacari,75,BR,1609436082,58,-12.7,-38.32,86.0,11.41
457,talaya,100,RU,1609436082,81,61.38,152.75,-29.07,6.82
458,mogadishu,13,SO,1609436082,76,2.04,45.34,78.71,21.56
459,calama,0,CL,1609436083,35,-22.47,-68.93,73.4,25.28
460,babushkin,100,RU,1609436083,91,51.71,105.86,7.21,15.39
461,hammerfest,2,NO,1609436083,94,70.66,23.68,32.0,20.8
462,tyrma,12,RU,1609436083,83,50.08,132.17,-24.34,2.42
463,neyvo-shaytanskiy,97,RU,1609436083,89,57.73,61.25,-13.67,4.14
464,sobolevo,100,RU,1609436083,98,54.43,31.9,35.1,8.21
465,guanica,1,PR,1609436083,48,17.97,-66.91,86.0,1.99
466,sovetskiy,0,RU,1609435978,85,61.36,63.58,-26.43,3.24
467,gorodovikovsk,100,RU,1609436084,85,46.09,41.93,37.83,11.81
468,lere,28,NG,1609436084,22,10.39,8.57,77.67,5.41
469,lorengau,88,PG,1609436084,74,-2.02,147.27,82.42,5.61
470,kununurra,89,AU,1609436084,94,-15.77,128.73,80.6,5.77
471,cockburn harbour,46,AU,1609436084,60,-32.08,141.0,73.4,8.05
472,saint-pierre,75,RE,1609436085,78,-21.34,55.48,78.8,16.11
473,auki,95,SB,1609436085,81,-8.77,160.7,77.23,2.77
474,magadi,40,IN,1609436085,94,12.97,77.23,68.0,6.93
475,buraydah,40,SA,1609436085,68,26.33,43.98,66.2,6.93
476,meridian,1,US,1609436018,100,43.61,-116.39,30.99,3.36
477,paita,0,PE,1609436085,55,-5.09,-81.11,86.0,16.11
478,toshkivka,100,UA,1609436085,94,48.78,38.58,33.44,10.11
479,marshalltown,90,US,1609436086,92,42.05,-92.91,21.99,8.05
480,kachug,26,RU,1609436086,81,53.96,105.88,-28.03,1.54
481,tuatapere,100,NZ,1609436086,96,-46.13,167.68,54.0,5.01
482,shenzhen,0,CN,1609436086,44,22.55,114.07,50.0,9.42
483,lakes entrance,1,US,1609436086,67,61.61,-149.31,24.01,8.05
484,kudahuvadhoo,96,MV,1609436087,74,2.67,72.89,82.74,7.87
485,tarko-sale,17,RU,1609436087,82,64.92,77.78,-23.8,7.96
486,broome,90,US,1609436087,80,42.25,-75.83,33.01,8.05
487,anito,85,PH,1609436087,89,12.45,125.29,77.7,8.84
488,banyumas,100,ID,1609436088,91,-7.51,109.29,75.58,5.26
489,cognac,0,FR,1609436088,86,45.5,-0.25,41.0,4.7
490,pangoa,100,PE,1609436088,97,-12.12,-73.0,66.13,2.33
491,kupang,97,ID,1609436088,82,-10.17,123.58,79.83,5.84
492,rock springs,90,US,1609436088,79,42.67,-89.07,21.2,6.93
493,bintulu,40,MY,1609436088,94,3.17,113.03,75.2,2.24
494,tilichiki,55,RU,1609436088,90,60.47,166.1,-12.3,17.49
495,dengzhou,3,CN,1609436089,84,37.81,120.75,27.25,13.44
496,grand river south east,1,US,1609435872,100,38.88,-109.5,12.2,1.39
497,seymchan,99,RU,1609436089,80,62.88,152.43,-31.63,4.65
498,suixi,55,CN,1609436089,88,33.89,116.77,21.34,6.26
499,burns lake,40,US,1609436089,85,43.59,-119.05,28.99,4.7
500,rantepao,100,ID,1609436090,87,-2.97,119.9,68.67,2.1
501,miracema do tocantins,51,BR,1609436090,61,-21.41,-42.2,88.95,0.34
502,sungaipenuh,98,ID,1609436090,88,-2.08,101.38,65.82,2.55
503,ahome,5,MX,1609436090,62,25.92,-109.18,55.4,9.17
504,mangrol,0,IN,1609436090,52,21.12,70.12,66.63,14.92
505,lima duarte,75,PE,1609435854,61,-12.04,-77.03,77.0,8.05
506,porto seguro,40,PT,1609436026,76,41.15,-8.61,51.8,10.29
507,eydhafushi,93,MV,1609436091,79,5.1,73.07,82.54,14.23
508,russkiy aktash,100,RU,1609436091,70,43.01,131.86,-0.4,8.95
509,kumeny,100,RU,1609436091,96,58.11,49.92,11.41,10.13
510,wailuku,20,US,1609436091,78,20.89,-156.5,71.6,13.87
511,kaka,0,TM,1609435934,87,37.35,59.61,31.96,5.55
512,mandera,48,KE,1609436092,23,3.94,41.87,89.31,10.96
513,sinnamary,34,GF,1609436092,76,5.38,-52.95,81.93,7.4
514,rosetta,40,EG,1609436092,68,31.4,30.42,64.4,6.93
515,tura,51,IN,1609436092,67,25.52,90.22,57.85,3.96
516,san cristobal,26,ML,1609436014,14,13.3,-4.9,85.75,7.05
517,halifax,100,CA,1609435840,93,44.65,-63.57,44.6,8.05
518,tornio,90,FI,1609436093,86,65.85,24.15,33.8,8.05
519,dire dawa,20,ML,1609436093,14,12.28,-10.97,94.98,3.8
520,biloela,85,AU,1609436093,79,-24.42,150.5,71.49,14.16
