,City,Cloudiness,Country,Date,Humidity,Latitude,Longitude,Max Temp,Wind Speed
0,barrow,90,US,1595977895,86,71.29,-156.79,41.0,23.04
1,vao,82,NC,1595977970,79,-22.67,167.48,72.14,29.59
2,dallas,90,US,1595977502,83,32.77,-96.78,80.01,6.93
3,bambous virieux,75,MU,1595977970,83,-20.26,57.41,70.0,6.93
4,puerto ayora,0,ES,1595977970,83,36.59,-6.23,75.99,2.24
5,ribeira grande,75,ES,1595977970,77,42.75,-8.44,64.99,11.41
6,diamantino,15,BR,1595977970,31,-14.41,-56.45,78.35,1.9
7,jamestown,1,US,1595977970,53,42.1,-79.24,77.0,10.29
8,narsaq,99,GL,1595977971,71,60.92,-46.05,50.0,4.7
9,praia da vitoria,75,CV,1595977971,78,14.92,-23.51,80.6,8.05
10,albany,100,US,1595977899,44,42.6,-73.97,82.99,6.26
11,coquimbo,0,CL,1595977971,72,-29.95,-71.34,59.0,5.82
12,lebu,1,CL,1595977971,82,-37.62,-73.65,46.62,15.08
13,punta arenas,45,PH,1595977971,77,8.99,125.34,79.54,3.76
14,lompoc,5,US,1595977971,64,34.64,-120.46,71.01,17.22
15,concarneau,79,FR,1595977971,87,47.88,-3.92,55.4,4.7
16,vaitape,100,PF,1595977828,73,-16.52,-151.75,80.17,21.7
17,vila,0,PT,1595977972,77,42.03,-8.16,66.2,5.82
18,hilo,20,US,1595977972,61,19.73,-155.09,82.4,11.41
19,avarua,29,CK,1595977972,83,-21.21,-159.78,71.6,10.29
20,inhambane,0,MZ,1595977972,66,-23.86,35.38,61.7,4.09
21,pitimbu,20,BR,1595977972,88,-7.47,-34.81,73.4,5.82
22,bethel,40,US,1595977972,58,41.37,-73.41,84.0,6.93
23,dingle,100,PH,1595977972,87,11.0,122.67,78.62,1.34
24,katsuura,75,JP,1595977835,94,35.13,140.3,73.99,14.99
25,kodiak,1,US,1595977973,52,57.79,-152.41,68.0,9.17
26,san quintin,94,ML,1595977912,65,13.3,-4.9,82.08,5.5
27,saint-philippe,100,RE,1595977973,73,-21.36,55.77,69.8,19.46
28,ushuaia,75,AR,1595977973,95,-54.8,-68.3,35.6,18.34
29,port macquarie,25,CD,1595977973,52,-7.03,29.76,71.15,4.14
30,heihe,90,CN,1595977973,100,50.24,127.49,71.6,0.51
31,victoria,42,HK,1595977767,74,22.29,114.16,87.01,3.11
32,ostersund,100,SE,1595977974,93,63.18,14.64,53.6,13.87
33,tucuman,0,AR,1595977974,30,-26.82,-65.22,55.4,6.93
34,mataura,51,NZ,1595977974,76,-46.19,168.86,50.0,4.0
35,virginia beach,75,US,1595977940,49,37.55,-77.45,91.4,13.87
36,mahebourg,75,MU,1595977974,83,-20.41,57.7,69.8,6.93
37,bredasdorp,0,ZA,1595977974,87,-34.53,20.04,50.0,3.36
38,broome,1,US,1595977974,39,42.25,-75.83,80.6,5.82
39,ushtobe,55,KZ,1595977975,39,45.25,77.98,72.88,12.44
40,georgetown,40,MY,1595977822,83,5.41,100.34,78.8,6.93
41,port alfred,25,CD,1595977975,52,-7.03,29.76,71.15,4.14
42,aleksandrov gay,72,RU,1595977975,95,56.4,38.71,61.41,6.91
43,pangnirtung,90,CA,1595977975,100,66.15,-65.71,48.2,5.82
44,mapiripan,52,CO,1595977975,79,2.89,-72.13,77.27,3.56
45,honiara,40,SB,1595977743,83,-9.43,159.95,84.2,3.36
46,bluff,80,NZ,1595977975,76,-46.6,168.33,50.0,4.0
47,mayumba,86,GA,1595977975,75,-3.43,10.66,73.47,7.72
48,obo,100,CF,1595977976,95,5.4,26.49,68.54,2.82
49,cidreira,100,BR,1595977865,73,-30.18,-50.21,49.33,12.28
50,thompson,75,CA,1595977976,60,55.74,-97.86,69.8,8.05
51,pisco,75,PE,1595977976,72,-13.7,-76.22,62.6,9.17
52,vaini,20,TO,1595977976,68,-21.2,-175.2,71.6,21.92
53,loandjili,39,CG,1595977976,86,-4.76,11.86,72.84,7.0
54,araguaina,0,BR,1595977976,35,-7.19,-48.21,79.32,4.0
55,tonj,100,SS,1595977976,93,7.27,28.68,71.2,4.32
56,san andres,94,ML,1595977813,65,13.3,-4.9,82.08,5.5
57,arraial do cabo,19,BR,1595977977,36,-22.84,-46.65,78.8,5.82
58,san pedro,94,ML,1595977869,65,13.3,-4.9,82.08,5.5
59,pouembout,85,NC,1595977977,63,-21.13,164.9,77.36,18.1
60,carnarvon,0,AU,1595977977,87,-24.87,113.63,57.2,10.29
61,rio gallegos,0,GR,1595977967,65,38.3,21.78,78.8,6.11
62,curup,56,ID,1595977977,86,-3.47,102.53,65.59,1.72
63,guerrero negro,89,MX,1595977977,76,17.67,-100.0,75.96,2.21
64,kapaa,90,US,1595977978,74,22.08,-159.32,82.4,20.8
65,pangody,99,RU,1595977978,84,65.85,74.49,50.07,8.77
66,maumere,56,ID,1595977978,72,-8.62,122.21,75.43,5.75
67,kaitangata,71,NZ,1595977978,49,-46.28,169.85,54.0,11.92
68,hirara,40,JP,1595977978,94,24.8,125.28,82.4,5.82
69,atuona,3,PF,1595977978,69,-9.8,-139.03,80.51,23.62
70,vanavara,100,RU,1595977979,91,60.34,102.28,58.39,4.59
71,east london,75,IS,1595977979,93,65.0,-15.0,44.6,5.82
72,souillac,75,MU,1595977979,83,-20.52,57.52,69.8,6.93
73,reo,81,BF,1595977979,81,12.32,-2.47,77.04,9.4
74,norman wells,90,US,1595977979,69,35.22,-97.44,82.4,8.05
75,yellowknife,40,CA,1595977772,46,62.46,-114.35,73.99,11.41
76,ramachandrapuram,100,IN,1595977979,86,16.85,82.02,81.03,4.34
77,pontes e lacerda,0,BR,1595977980,48,-4.83,-43.37,84.2,3.36
78,mpongwe,0,ZM,1595977980,77,-13.51,28.16,53.53,7.25
79,mlonggo,32,ID,1595977980,78,-6.53,110.7,73.36,7.4
80,qaanaaq,26,GL,1595977980,71,77.48,-69.36,44.51,4.97
81,ayan,10,RU,1595977980,66,56.45,138.17,72.18,4.9
82,hami,1,CN,1595977980,40,42.8,93.45,72.19,9.17
83,provideniya,90,RU,1595977980,71,64.38,-173.3,50.0,11.18
84,ritchie,0,ZA,1595977980,48,-29.04,24.6,42.8,4.7
85,kushima,75,JP,1595977981,94,31.46,131.23,78.8,1.74
86,busselton,99,AU,1595977981,95,-33.65,115.33,48.0,4.5
87,qurayyat,40,SA,1595977981,33,31.33,37.34,89.6,23.04
88,nome,90,US,1595977981,93,64.5,-165.41,50.0,17.22
89,formosa,45,AR,1595977795,61,-26.18,-58.18,50.0,6.93
90,palmerston,31,AU,1595977981,27,-12.49,130.98,69.01,9.17
91,pacific grove,0,US,1595977981,47,38.48,-90.74,90.0,3.42
92,umea,90,SE,1595977982,93,63.83,20.26,60.8,4.7
93,longyearbyen,100,SJ,1595977982,71,78.22,15.64,57.2,9.17
94,castro,83,BR,1595977982,71,-24.79,-50.01,64.24,5.66
95,westport,75,US,1595977943,52,41.14,-73.36,87.8,10.29
96,kavieng,66,PG,1595977982,67,-2.57,150.8,84.69,9.71
97,thinadhoo,96,MV,1595977982,76,0.53,72.93,82.56,13.02
98,hobart,75,AU,1595977902,81,-42.88,147.33,42.8,12.75
99,rikitea,96,PF,1595977982,77,-23.12,-134.97,72.27,18.07
100,chokurdakh,100,RU,1595977982,77,70.63,147.92,44.2,11.61
101,namibe,73,AO,1595977983,84,-15.2,12.15,63.27,5.06
102,aksu,92,CN,1595977983,25,41.12,80.26,76.19,3.56
103,enid,75,US,1595977813,100,36.4,-97.88,80.6,6.93
104,gorontalo,99,ID,1595977983,83,0.54,123.06,77.27,3.06
105,savannah bight,40,US,1595977942,59,32.08,-81.1,89.6,6.93
106,butaritari,100,KI,1595977983,82,3.07,172.79,81.46,14.97
107,cacoal,64,BR,1595977983,40,-11.44,-61.45,83.1,1.72
108,mys shmidta,85,RU,1595977983,77,62.06,48.62,58.08,2.95
109,torbay,75,CA,1595977984,82,47.67,-52.73,59.0,5.82
110,karaton,20,ID,1595977984,78,-6.34,106.1,75.2,5.82
111,kruisfontein,30,ZA,1595977984,84,-34.0,24.73,57.0,8.19
112,kanel,94,SN,1595977984,62,15.49,-13.18,89.6,4.7
113,mar del plata,90,ES,1595977984,94,43.4,-4.01,68.0,5.88
114,barkot,3,IN,1595977984,77,30.82,78.2,67.19,1.81
115,new norfolk,19,LR,1595977961,91,6.65,-10.59,71.1,1.9
116,tazovskiy,97,RU,1595977985,77,67.47,78.7,47.25,7.76
117,ostrovnoy,16,RU,1595977985,87,68.05,39.51,52.63,5.46
118,bosobolo,100,CD,1595977985,94,4.18,19.9,69.89,1.36
119,nizhniy kuranakh,40,RU,1595977985,93,45.39,39.24,66.2,6.71
120,aguimes,75,ES,1595977985,73,27.91,-15.45,73.4,29.97
121,dongsheng,0,CN,1595977985,54,39.82,109.98,70.25,6.46
122,daru,98,PG,1595977985,87,-9.08,143.21,77.99,16.89
123,keta,20,GH,1595977985,88,5.92,0.99,75.2,9.17
124,vardo,74,NO,1595977986,95,70.37,31.11,55.0,9.86
125,nenjiang,2,CN,1595977986,62,49.18,125.22,78.58,6.69
126,beira,20,MZ,1595977986,100,-19.84,34.84,60.8,5.82
127,hammerfest,55,NO,1595977986,59,70.66,23.68,66.2,10.29
128,mobai,100,SL,1595977986,96,7.99,-10.75,70.86,2.04
129,klaksvik,100,FO,1595977986,93,62.23,-6.59,46.4,28.86
130,bud,1,US,1595977987,51,39.45,-86.18,84.0,4.72
131,lavrentiya,91,RU,1595977987,75,65.58,-171.0,47.28,5.84
132,shimoda,100,JP,1595977987,95,34.67,138.95,68.0,1.01
133,tuktoyaktuk,90,CA,1595977987,93,69.45,-133.04,48.2,9.17
134,leningradskiy,54,RU,1595977987,65,69.38,178.42,42.85,5.44
135,prince albert,1,CA,1595977987,48,52.97,-108.38,84.2,11.41
136,wawa,29,NG,1595977987,91,9.9,4.42,73.76,4.32
137,san rafael,94,ML,1595977869,65,13.3,-4.9,82.08,5.5
138,semnan,0,IR,1595977987,25,35.57,53.4,79.9,3.04
139,oranjestad,20,AW,1595977988,74,12.52,-70.03,86.0,14.99
140,swellendam,36,ZA,1595977988,93,-34.02,20.44,46.4,3.36
141,keningau,20,MY,1595977815,94,5.34,116.16,75.2,3.36
142,fortuna,20,US,1595977988,77,40.6,-124.16,69.01,16.11
143,nanortalik,95,GL,1595977988,93,60.14,-45.24,47.08,9.75
144,tonaya,90,MX,1595977988,88,19.78,-103.97,77.0,5.82
145,tasiilaq,42,GL,1595977988,100,65.61,-37.64,41.0,8.05
146,nikolskoye,93,RU,1595977989,87,59.7,30.79,62.01,3.6
147,ahuimanu,1,US,1595977989,61,21.44,-157.84,86.0,17.22
148,clyde river,1,US,1595977989,45,41.3,-82.98,84.2,11.41
149,brainerd,1,US,1595977989,39,46.36,-94.2,82.4,6.93
150,port lincoln,25,CD,1595977975,52,-7.03,29.76,71.15,4.14
151,portland,20,US,1595977901,29,45.52,-122.68,90.0,6.93
152,chardara,0,KZ,1595977989,32,41.25,67.97,75.33,10.36
153,falun,100,SE,1595977989,93,60.6,15.63,53.6,3.36
154,cefalu,0,IT,1595977990,76,38.04,14.02,77.0,1.99
155,passo fundo,40,ID,1595977990,83,-3.63,128.25,79.0,6.93
156,berezovyy,0,RU,1595977990,58,51.67,135.7,82.62,2.15
157,tuatapere,67,NZ,1595977812,76,-46.13,167.68,50.0,4.0
158,podbrdo,1,BA,1595977990,77,44.44,17.01,66.2,2.24
159,puerto escondido,0,ES,1595977990,83,36.59,-6.23,75.99,2.24
160,bathsheba,75,BB,1595977696,94,13.22,-59.52,77.0,12.75
161,vila franca do campo,0,PT,1595977990,77,42.03,-8.16,66.2,5.82
162,cherskiy,8,RU,1595977990,53,68.75,161.3,49.59,12.68
163,kyshtovka,74,RU,1595977991,94,56.55,76.63,48.85,6.42
164,cabo rojo,20,BR,1595977991,74,-8.28,-35.03,78.8,10.29
165,khatanga,0,RU,1595977991,57,71.97,102.5,56.97,3.51
166,airai,29,TL,1595977991,74,-8.93,125.41,56.08,3.33
167,jackson,1,US,1595977991,25,42.42,-122.83,100.0,6.26
168,cabo san lucas,20,BR,1595977991,74,-8.28,-35.03,78.8,10.29
169,taoudenni,73,ML,1595977991,36,22.68,-3.98,90.55,5.48
170,raub,100,MY,1595977991,88,3.79,101.86,72.41,1.9
171,griffith,40,US,1595977882,51,41.53,-87.42,86.0,12.75
172,vestmanna,100,FO,1595977992,93,62.16,-7.17,46.4,28.86
173,kargasok,63,RU,1595977992,75,59.06,80.86,48.51,4.54
174,dikson,97,RU,1595977992,83,73.51,80.55,44.02,16.02
175,at-bashi,53,KG,1595977723,69,41.17,75.81,55.24,4.38
176,xingcheng,12,CN,1595977993,82,40.62,120.72,75.42,7.61
177,shakawe,0,BW,1595977993,44,-18.37,21.85,52.39,5.06
178,bogen,68,DE,1595977993,10,48.91,12.69,68.0,4.65
179,ahipara,91,NZ,1595977993,69,-35.17,173.17,58.51,11.99
180,pyryatyn,2,UA,1595977993,75,50.24,32.51,67.44,4.68
181,pevek,86,RU,1595977993,85,69.7,170.31,35.92,10.16
182,scottsbluff,75,US,1595977993,37,41.87,-103.67,82.4,21.92
183,hasaki,75,JP,1595977993,94,35.73,140.83,72.0,13.87
184,buluang,100,PH,1595977993,89,13.31,123.34,77.72,2.98
185,grand river south east,1,US,1595977994,18,38.88,-109.5,93.2,19.46
186,yulara,0,AU,1595977994,60,-25.24,130.99,39.2,5.82
187,lubbock,90,US,1595977858,36,33.6,-101.83,91.4,4.7
188,ribeira brava,75,ES,1595977970,77,42.75,-8.44,64.99,11.41
189,cairns,0,AU,1595977941,34,-16.92,145.77,69.01,8.05
190,okhotsk,73,RU,1595977994,75,59.38,143.3,68.81,7.96
191,mana,51,GF,1595977994,90,5.66,-53.78,79.3,9.73
192,kirakira,100,SB,1595977994,73,-10.45,161.92,84.29,6.15
193,bayanday,92,RU,1595977994,85,53.07,105.51,58.14,6.06
194,maizuru,100,JP,1595977995,89,35.45,135.33,79.0,2.33
195,bambanglipuro,43,ID,1595977995,85,-7.95,110.28,72.57,6.4
196,vila velha,0,PT,1595977995,77,42.03,-8.16,66.2,5.82
197,asmara,96,ER,1595977995,99,15.33,38.93,58.01,3.58
198,tiksi,96,RU,1595977995,82,71.69,128.87,41.67,7.67
199,saldanha,0,ZA,1595977995,76,-33.01,17.94,50.0,4.7
200,ponta do sol,7,PT,1595977995,97,38.73,-28.27,70.52,10.4
201,vanimo,24,PG,1595977996,71,-2.67,141.3,82.35,4.88
202,coihaique,55,CL,1595977996,69,-45.58,-72.07,37.4,4.7
203,kaitong,50,CN,1595977996,70,44.81,123.15,75.58,11.36
204,lorengau,22,PG,1595977996,69,-2.02,147.27,84.7,8.08
205,mount gambier,12,GB,1595977996,92,53.66,-1.85,54.0,3.0
206,fukagawa,75,JP,1595977996,93,43.71,142.04,64.4,1.12
207,waipawa,100,NZ,1595977996,81,-41.41,175.52,53.6,4.7
208,port elizabeth,25,CD,1595977996,52,-7.03,29.76,71.15,4.14
209,richards bay,0,US,1595977996,41,46.84,-95.91,78.8,11.41
210,tawau,20,MY,1595977997,94,4.25,117.89,75.2,5.28
211,panji,43,ID,1595977997,68,-7.73,114.1,69.4,6.44
212,college,90,US,1595977997,63,64.86,-147.8,60.8,6.93
213,luwuk,95,ID,1595977997,78,-0.95,122.79,77.16,6.6
214,dudinka,40,RU,1595977997,71,69.41,86.18,51.8,4.47
215,namtsy,98,RU,1595977997,72,62.72,129.67,59.0,4.47
216,ust-kuyga,97,RU,1595977997,76,70.02,135.6,42.91,4.5
217,yerbogachen,98,RU,1595977997,91,61.28,108.01,54.19,8.66
218,prince rupert,1,CA,1595977997,48,52.97,-108.38,84.2,11.41
219,auki,87,SB,1595977998,63,-8.77,160.7,86.59,1.92
220,port blair,25,CD,1595977998,52,-7.03,29.76,71.15,4.14
221,tongchuan,0,CN,1595977998,85,35.08,109.09,73.09,3.06
222,kununurra,0,AU,1595977998,32,-15.77,128.73,55.4,4.7
223,butte,1,US,1595977998,29,39.65,-121.57,100.99,3.36
224,meulaboh,100,ID,1595977998,88,4.14,96.13,73.31,4.81
225,poum,86,NC,1595977998,78,-20.23,164.02,75.09,35.12
226,hithadhoo,97,MV,1595977999,76,-0.6,73.08,82.54,11.83
227,igarka,32,RU,1595977999,81,67.47,86.58,49.3,7.96
228,nhulunbuy,87,AU,1595977999,53,-12.23,136.77,75.2,16.11
229,constitucion,6,CL,1595977999,72,-35.33,-72.42,47.32,5.53
230,yazd,0,IR,1595977999,19,31.9,54.37,82.4,2.24
231,saskylakh,30,RU,1595977999,58,71.92,114.08,50.99,4.85
232,iroquois falls,1,US,1595977999,51,40.75,-87.83,84.99,8.05
233,viesite,91,LV,1595977999,97,56.35,25.56,61.14,4.97
234,viedma,0,AR,1595977943,79,-40.81,-63.0,37.0,6.15
235,bac lieu,1,RS,1595978000,88,45.39,19.24,68.0,4.7
236,lata,0,PT,1595978000,95,40.16,-8.33,63.0,1.41
237,dno,40,RU,1595978000,95,57.83,29.96,60.64,4.25
238,hermanus,2,ZA,1595978000,95,-34.42,19.23,43.0,5.3
239,ilinskiy,75,RU,1595978000,87,55.62,38.12,62.6,4.47
240,yangambi,86,CD,1595978000,88,0.81,24.43,69.71,0.94
241,ancud,75,CL,1595978000,81,-41.87,-73.82,44.6,2.24
242,upernavik,91,GL,1595978001,84,72.79,-56.15,43.25,9.66
243,mercedes,0,AR,1595978001,48,-34.65,-59.43,46.0,4.41
244,cape town,20,CL,1595978001,70,-36.41,-71.9,48.2,6.93
245,sao filipe,100,IN,1595978001,92,20.51,76.21,74.39,7.76
246,sorong,96,ID,1595978001,90,-0.88,131.25,77.29,10.36
247,maniitsoq,95,GL,1595978001,94,65.42,-52.9,45.28,3.87
248,finnsnes,91,NO,1595978001,87,69.23,17.98,57.2,20.8
249,labuhan,58,ID,1595978001,82,-6.88,112.21,73.58,11.16
250,marrakesh,23,MA,1595977938,54,31.63,-8.01,80.6,4.7
251,flinders,62,AU,1595978002,77,-34.58,150.86,61.0,8.99
252,san patricio,94,ML,1595977912,65,13.3,-4.9,82.08,5.5
253,alofi,40,NU,1595978002,73,-19.06,-169.92,75.2,16.11
254,itaituba,0,BR,1595978002,42,-4.28,-55.98,80.47,1.34
255,talnakh,40,RU,1595978002,71,69.49,88.4,51.8,4.47
256,palmas,66,BR,1595978002,47,-10.21,-48.36,80.6,8.05
257,alappuzha,100,IN,1595977718,88,9.49,76.33,75.0,5.01
258,monte alegre,0,FR,1595978003,83,42.47,9.39,73.4,3.36
259,plettenberg bay,7,DE,1595978003,72,51.22,7.88,64.99,1.01
260,shubarshi,0,KZ,1595978003,51,48.59,57.19,66.25,6.55
261,bengkulu,78,ID,1595978003,90,-3.8,102.27,73.29,4.21
262,roald,72,NO,1595978003,87,62.58,6.13,61.0,11.41
263,desaguadero,0,PE,1595978003,57,-16.57,-69.04,44.64,8.81
264,boa vista,100,CM,1595978004,90,4.43,8.97,73.65,3.2
265,matagami,90,CA,1595978004,100,49.75,-77.63,62.6,5.39
266,pimenta bueno,26,BR,1595978004,54,-20.48,-45.8,68.05,3.44
267,severo-kurilsk,85,RU,1595978004,82,50.68,156.12,53.89,17.27
268,solnechnyy,14,RU,1595978004,70,50.72,136.63,77.04,3.15
269,haines junction,20,US,1595978004,67,59.23,-135.44,62.6,4.7
270,greytown,0,ZA,1595978004,53,-29.06,30.59,47.39,2.08
271,namatanai,29,PG,1595978004,70,-3.67,152.43,83.82,4.18
272,khargone,100,IN,1595978004,84,21.82,75.6,78.8,8.19
273,esperance,1,AU,1595978005,93,-33.87,121.9,46.4,6.93
274,puerto carreno,0,ES,1595978005,83,36.59,-6.23,75.99,2.24
275,salalah,75,OM,1595978005,94,17.02,54.09,80.6,3.36
276,banda aceh,100,IN,1595978005,80,25.48,80.33,83.37,5.5
277,kattivakkam,75,IN,1595978005,88,13.22,80.32,80.6,3.36
278,faanui,100,PF,1595978005,75,-16.48,-151.75,79.38,21.7
279,tocopilla,16,CL,1595978005,57,-22.09,-70.2,58.78,3.24
280,luau,0,AO,1595978005,37,-10.71,22.22,59.36,5.55
281,clovis,20,US,1595977761,19,36.83,-119.7,104.0,3.36
282,anadyr,40,RU,1595978006,67,64.75,177.48,59.0,8.95
283,victoria falls,42,HK,1595977878,74,22.29,114.16,87.01,3.11
284,svetlogorsk,42,BY,1595978006,92,52.63,29.73,64.63,6.85
285,kalnibolotskaya,100,RU,1595978006,88,46.01,40.46,67.86,11.5
286,biak,92,ID,1595978006,81,-0.91,122.88,76.42,8.34
287,tsarychanka,33,UA,1595978006,58,48.94,34.48,68.67,7.16
288,codrington,1,AU,1595978006,88,-38.27,141.97,44.29,10.11
289,azul,0,AR,1595978006,77,-36.78,-59.86,38.07,4.34
290,burnie,100,AU,1595978007,71,-41.07,145.92,48.99,3.0
291,luderitz,0,NA,1595978007,82,-26.65,15.16,57.2,11.41
292,bajil,52,YE,1595978007,80,15.06,43.29,82.15,2.71
293,pingdu,59,CN,1595978007,88,36.78,119.95,80.01,2.24
294,ossora,0,RU,1595978007,77,59.24,163.07,60.8,7.14
295,harbin,0,CN,1595977776,94,45.75,126.65,82.0,4.47
296,sao joao da barra,100,IN,1595978007,92,20.51,76.21,74.39,7.76
297,flagstaff,20,US,1595977888,18,35.2,-111.65,90.0,8.05
298,pokrovsk,90,UA,1595978008,83,48.28,37.18,68.43,7.07
299,fairbanks,90,US,1595977729,63,64.84,-147.72,60.8,13.87
300,lasa,40,IT,1595978008,87,46.62,10.7,61.0,4.7
301,aykhal,90,RU,1595978008,76,66.0,111.5,48.2,2.24
302,charters towers,1,US,1595978008,48,38.57,-83.43,86.0,5.82
303,yalvac,0,TR,1595978008,57,38.3,31.18,66.04,5.93
304,ambulu,46,ID,1595978009,87,-8.35,113.61,68.5,3.98
305,winslow,1,US,1595978009,16,35.02,-110.7,96.8,6.93
306,puerto madryn,0,ES,1595978009,83,36.59,-6.23,75.99,2.24
307,correggio,0,IT,1595977856,68,44.77,10.78,84.0,1.01
308,zapolyarnyy,90,RU,1595978009,100,69.42,30.81,53.6,11.41
309,tabou,90,CI,1595978009,84,4.42,-7.35,75.27,8.39
310,nemuro,99,JP,1595978009,88,43.32,145.57,59.54,7.36
311,caravelas,34,BR,1595978009,81,-17.71,-39.25,69.58,3.44
312,monteagudo,0,BO,1595978010,51,-19.82,-63.98,50.7,3.58
313,sitka,75,US,1595978010,67,57.05,-135.33,62.6,10.29
314,batagay-alyta,99,RU,1595978010,75,67.8,130.41,45.81,4.25
315,bakchar,80,RU,1595978010,82,57.02,82.07,49.77,4.7
316,shingu,100,JP,1595978010,92,33.73,135.98,77.79,3.02
317,laguna,5,US,1595977713,26,38.42,-121.42,99.0,6.93
318,zhigansk,0,RU,1595978010,67,66.77,123.37,48.99,23.53
319,maarianhamina,75,AX,1595978011,88,60.1,19.93,66.0,13.87
320,ponta delgada,7,PT,1595977995,97,38.73,-28.27,70.52,10.4
321,yatou,44,CN,1595978011,90,37.15,122.38,72.0,3.0
322,martos,0,ES,1595978011,39,37.72,-3.97,86.0,5.99
323,lerwick,100,GB,1595978011,93,60.15,-1.15,55.4,12.75
324,sergeyevka,1,KZ,1595978011,86,53.88,67.42,51.33,4.88
325,neyshabur,0,IR,1595978011,25,36.21,58.8,75.45,1.43
326,beloha,11,MG,1595978012,81,-25.17,45.05,62.19,8.88
327,katobu,85,ID,1595978012,85,-4.94,122.53,74.19,2.89
328,vostok,16,RU,1595978012,89,46.49,135.88,70.32,2.28
329,san cristobal,94,ML,1595977869,65,13.3,-4.9,82.08,5.5
330,iqaluit,75,CA,1595978012,49,63.75,-68.51,69.8,14.99
331,inta,78,RU,1595978012,82,66.03,60.17,46.74,8.57
332,mega,88,ET,1595978012,94,4.05,38.3,58.71,14.9
333,najran,40,SA,1595978012,78,17.49,44.13,75.2,6.93
334,kidal,36,ML,1595978013,30,18.44,1.41,93.4,7.81
335,waddan,0,LY,1595978013,67,29.16,16.14,74.12,7.7
336,mecca,22,SA,1595977749,60,21.43,39.83,82.85,0.63
337,geraldton,0,AU,1595978013,87,-28.77,114.6,48.2,8.05
338,samarinda,58,ID,1595978007,98,-0.5,117.15,74.35,3.49
339,katubao,92,PH,1595978013,70,5.89,124.83,81.23,1.97
340,puerto ayacucho,0,ES,1595978005,83,36.59,-6.23,75.99,2.24
341,dwarka,87,IN,1595978013,78,22.24,68.97,84.74,18.52
342,deputatskiy,83,RU,1595978013,68,69.3,139.9,43.03,10.96
343,chuncheng,45,CN,1595978014,83,22.17,111.79,79.7,0.67
344,omsukchan,100,RU,1595978014,85,62.53,155.8,54.68,5.14
345,suchitlan,90,MX,1595978014,88,19.37,-103.72,77.0,5.82
346,beringovskiy,16,RU,1595978014,62,63.05,179.32,62.11,7.18
347,toledo,0,ES,1595978014,32,39.83,-4.0,90.0,2.64
348,ngorongoro,41,TZ,1595978014,100,-3.24,35.49,49.17,7.2
349,kyzyl-suu,95,KG,1595978014,73,42.34,78.0,54.7,2.15
350,santa cruz,97,PH,1595977888,81,17.49,120.43,79.77,3.53
351,alyangula,0,AU,1595978015,77,-13.85,136.42,59.0,19.22
352,ahtopol,0,BG,1595978015,69,42.1,27.95,73.4,2.24
353,baruun-urt,99,MN,1595978015,82,46.68,113.28,60.96,7.07
354,jahangirabad,100,IN,1595978015,87,28.42,78.1,79.38,8.75
355,asyut,14,EG,1595978015,39,27.18,31.18,80.6,4.7
356,porbandar,99,IN,1595978015,80,21.64,69.61,83.88,16.71
357,mount isa,12,GB,1595978015,92,53.66,-1.85,54.0,3.0
358,arlit,85,NE,1595978016,34,18.74,7.39,91.51,5.3
359,sabha,0,LY,1595978016,24,27.04,14.43,80.69,11.77
360,dunedin,92,NZ,1595977844,72,-45.87,170.5,51.01,3.0
361,hit,20,IQ,1595978016,10,33.64,42.83,101.8,14.14
362,sorland,6,NO,1595978016,75,67.67,12.69,59.72,14.76
363,fort nelson,37,NL,1595978016,85,52.65,6.39,61.0,4.0
364,luquillo,90,PR,1595978016,74,18.37,-65.72,84.2,13.87
365,kaeo,99,NZ,1595977759,3,-35.1,173.78,60.01,8.01
366,lask,69,PL,1595978017,84,51.59,19.13,68.0,4.21
367,khanpur,11,PK,1595978017,55,28.65,70.66,92.12,15.19
368,cozumel,40,MX,1595978017,70,20.51,-86.95,88.0,10.29
369,robstown,75,US,1595977752,70,27.79,-97.67,86.0,9.17
370,evensk,100,RU,1595978017,95,61.95,159.23,53.2,8.68
371,kenai,1,US,1595977841,63,60.55,-151.26,68.0,6.93
372,issoudun,14,FR,1595978017,63,47.0,1.83,63.0,6.93
373,caledon,22,ZA,1595978017,95,-34.23,19.43,43.0,2.24
374,bulgan,99,MN,1595978018,82,48.81,103.53,58.05,2.98
375,marawi,48,PH,1595978018,89,8.0,124.29,73.99,7.0
376,sovetskiy,56,RU,1595978018,74,61.36,63.58,46.99,2.53
377,wattegama,100,LK,1595978018,89,6.8,81.48,73.9,0.51
378,gornopravdinsk,59,RU,1595978018,90,60.05,69.9,44.58,4.32
379,saint-paul,75,RE,1595977771,64,-21.01,55.27,71.6,12.75
380,contai,100,IN,1595978018,84,21.78,87.75,83.17,10.54
381,puerto narino,0,ES,1595978005,83,36.59,-6.23,75.99,2.24
382,quchan,0,IR,1595978018,50,37.11,58.51,72.41,3.94
383,lagoa,0,PT,1595978019,90,39.05,-27.98,73.56,14.2
384,kavaratti,99,IN,1595978019,79,10.57,72.64,81.18,17.78
385,cabadiangan,96,PH,1595978019,83,9.75,122.47,79.72,4.36
386,caxito,2,AO,1595978019,88,-8.58,13.66,69.8,6.93
387,jensen beach,12,US,1595978019,17,38.72,-112.1,88.0,10.0
388,byron bay,1,US,1595978019,54,44.03,-92.65,82.4,13.87
389,ntungamo,66,UG,1595978019,64,-0.88,29.65,69.1,1.23
390,libreville,40,GA,1595978019,83,0.39,9.45,77.0,9.17
391,asau,0,RO,1595978020,87,46.43,26.4,64.99,4.72
392,honningsvag,66,NO,1595978020,93,70.98,25.97,51.8,2.24
393,sandy bay,1,US,1595978020,27,40.57,-111.86,91.0,9.17
394,cayenne,33,GF,1595978020,78,4.93,-52.33,82.4,14.88
395,mookane,0,BW,1595977865,81,-23.69,26.66,47.46,5.82
396,fairfield,40,US,1595977880,58,41.27,-73.32,86.0,6.93
397,benguela,61,AO,1595978020,83,-12.58,13.41,67.78,3.47
398,ciamis,98,ID,1595978021,90,-7.33,108.35,68.76,1.57
399,moindou,89,NC,1595978021,47,-21.69,165.68,78.8,14.99
400,cascas,40,PE,1595978021,34,-7.48,-78.82,68.0,6.93
401,ruteng,71,ID,1595978021,87,-8.61,120.47,57.22,1.95
402,mitsamiouli,19,KM,1595978021,82,-11.38,43.28,75.42,17.47
403,katherine,16,AU,1595978021,32,-14.47,132.27,55.4,8.05
404,alexandria,0,EG,1595978021,65,31.22,29.96,80.6,11.41
405,acari,52,PE,1595978021,65,-15.43,-74.62,61.52,4.34
406,margate,35,GB,1595978022,57,51.38,1.39,62.01,3.0
407,collie,87,AU,1595978022,95,-33.37,116.15,48.0,1.5
408,avera,1,US,1595978022,66,33.19,-82.53,86.0,11.41
409,bulnes,20,CL,1595978022,70,-36.74,-72.3,48.2,6.93
410,san javier,94,ML,1595977869,65,13.3,-4.9,82.08,5.5
411,baykit,65,RU,1595978022,84,61.67,96.37,57.07,2.91
412,bibiani,84,GH,1595978022,99,6.46,-2.32,69.53,2.89
413,balkanabat,0,TM,1595978023,44,39.51,54.37,87.57,1.79
414,tual,93,ID,1595978023,81,-5.67,132.75,78.49,25.34
415,bilma,52,NE,1595978023,29,18.69,12.92,92.3,9.75
416,touros,12,BR,1595978023,83,-5.2,-35.46,73.4,3.36
417,santa ana,97,PH,1595977888,81,17.49,120.43,79.77,3.53
418,nelson bay,100,NZ,1595978023,91,-41.28,173.28,54.0,1.01
419,valparaiso,0,CL,1595978023,51,-33.04,-71.63,59.0,11.41
420,amapa,62,BR,1595978023,70,1.0,-52.0,73.94,2.68
421,nevelsk,75,RU,1595978024,87,46.67,141.86,60.8,4.47
422,stephenville,40,US,1595977955,74,32.22,-98.2,80.6,4.7
423,yarim,30,YE,1595978024,89,14.3,44.38,57.9,3.29
424,adrar,3,MR,1595978024,33,20.5,-10.07,91.04,26.04
425,shangrao,99,CN,1595978024,85,28.45,117.97,80.37,3.74
426,puerto el triunfo,0,ES,1595978005,83,36.59,-6.23,75.99,2.24
427,sabang,100,ID,1595978024,77,5.89,95.32,80.76,24.94
428,toora-khem,100,RU,1595978025,88,52.47,96.11,53.92,1.7
429,booue,38,GA,1595978025,80,-0.09,11.94,73.04,3.67
430,kongwa,0,TZ,1595978025,78,-6.2,36.42,59.56,4.43
431,manzanares,0,ES,1595978025,34,39.0,-3.37,84.0,8.08
432,esik,75,KZ,1595978025,59,43.36,77.45,66.2,8.95
433,saint-pierre,98,RE,1595978025,73,-21.34,55.48,69.8,19.46
434,sayat,0,TM,1595978025,37,38.78,63.88,82.4,9.17
435,sainte-ode,26,BE,1595978025,76,50.03,5.53,55.99,6.06
436,ilulissat,87,GL,1595978025,75,69.22,-51.1,44.6,5.82
437,moree,90,AU,1595978025,93,-29.47,149.85,51.8,3.36
438,karema,17,TZ,1595978026,56,-6.82,30.44,69.28,2.84
439,kahului,40,US,1595977873,55,20.89,-156.47,86.0,20.8
440,pendleton,1,US,1595978026,12,45.67,-118.79,100.99,11.41
441,chuy,6,UY,1595978026,76,-33.7,-53.46,42.98,8.9
442,naranjito,90,EC,1595978026,74,-2.22,-79.48,78.8,5.82
443,chernyshevskiy,100,RU,1595978026,86,63.01,112.47,51.03,4.88
444,ugoofaaru,100,MV,1595978026,79,5.67,73.0,82.4,17.2
445,willowmore,4,ZA,1595978026,89,-33.29,23.49,43.72,2.19
446,qinzhou,75,CN,1595978027,82,21.95,108.62,82.45,0.29
447,gigmoto,100,PH,1595978027,83,13.78,124.39,79.45,3.67
448,bowen,0,AU,1595978027,87,-20.02,148.23,66.99,3.36
449,jijiga,75,ET,1595978027,88,9.35,42.8,61.43,19.51
450,coos bay,1,US,1595978027,77,43.17,-124.0,78.01,19.46
451,uspenka,100,UA,1595978027,70,48.39,39.16,69.08,6.93
452,bonavista,16,CA,1595978027,86,48.65,-53.11,55.99,7.7
453,misantla,94,MX,1595978027,71,19.93,-96.83,82.4,4.59
454,bassila,75,BJ,1595978027,96,9.01,1.67,69.98,2.33
455,zalantun,91,CN,1595978028,87,48.0,122.72,70.56,3.67
456,lishui,100,CN,1595978028,84,28.46,119.91,78.57,2.73
457,jieshi,65,CN,1595978028,78,22.81,115.83,83.73,3.74
458,muisne,20,EC,1595978028,83,0.6,-80.03,80.6,8.05
459,millau,1,FR,1595978028,77,44.08,2.92,68.0,6.93
460,coihueco,20,CL,1595978028,70,-36.62,-71.83,48.2,6.93
461,pochutla,75,MX,1595978028,74,15.74,-96.47,84.2,11.41
462,pangkalanbuun,71,ID,1595977736,94,-2.68,111.62,72.75,2.39
463,macas,40,EC,1595978029,69,-2.32,-78.12,73.4,8.05
464,masterton,100,NZ,1595978029,82,-40.96,175.66,55.99,0.07
465,goderich,0,CA,1595978029,65,43.75,-81.72,81.0,5.99
466,jaque,89,PA,1595978029,78,7.52,-78.17,80.83,1.66
467,san jose,94,ML,1595977869,65,13.3,-4.9,82.08,5.5
468,havoysund,95,NO,1595978029,59,71.0,24.66,66.2,10.29
469,moses lake,86,CI,1595978029,98,6.69,-8.48,69.35,3.04
470,koson,0,UZ,1595978029,34,39.04,65.58,82.4,6.93
471,ukiah,1,US,1595977897,13,39.15,-123.21,102.2,9.46
472,ryotsu,90,JP,1595978030,100,38.08,138.43,73.4,2.24
473,maragogi,11,BR,1595978030,87,-9.01,-35.22,74.57,12.37
474,vila do maio,0,PT,1595977990,77,42.03,-8.16,66.2,5.82
475,penzance,20,GB,1595978030,82,50.12,-5.54,57.0,4.7
476,kutum,65,SD,1595978030,69,14.2,24.67,75.54,22.46
477,sohagpur,100,IN,1595977876,79,22.7,78.2,80.74,6.46
478,acapulco,75,MX,1595978030,66,16.86,-99.89,87.8,4.7
479,alvorada,33,BR,1595978031,52,-12.48,-49.12,76.12,5.41
480,eureka,32,US,1595978031,80,40.8,-124.16,68.0,4.0
481,bur gabo,96,DK,1595978031,83,56.37,8.43,55.99,1.99
482,lazurne,13,UA,1595978031,80,46.08,32.53,71.85,10.85
483,skhisma,0,GR,1595978031,69,35.27,25.72,81.0,4.7
484,kazachinskoye,11,RU,1595978031,93,57.7,93.28,56.26,3.44
485,taltal,22,CL,1595978031,71,-25.4,-70.48,57.33,1.99
486,tigil,97,RU,1595978031,74,57.8,158.67,56.01,12.91
487,pedra azul,1,BR,1595978032,92,-8.5,-36.94,63.16,5.39
488,bumba,100,CD,1595978032,95,2.18,22.47,71.22,2.84
489,sur,13,OM,1595978032,60,22.57,59.53,88.72,8.7
490,hingoli,100,IN,1595978032,85,19.72,77.15,77.61,8.79
491,yima,61,CN,1595978032,1,34.74,111.88,81.0,3.47
492,flin flon,60,FR,1595978032,48,48.5,6.66,66.2,4.7
493,sabzevar,0,IR,1595977815,32,36.21,57.68,78.08,3.4
494,erzin,0,TR,1595978032,88,36.96,36.2,81.0,1.32
495,jalu,0,LY,1595978032,65,29.03,21.55,76.42,11.14
496,chicama,7,PE,1595978033,70,-7.84,-79.15,63.79,6.69
497,petropavlovsk-kamchatskiy,58,RU,1595978033,68,53.05,158.65,66.2,6.71
498,ouegoa,72,NC,1595978033,71,-20.35,164.43,75.99,27.34
499,kampot,20,KH,1595978033,83,10.62,104.18,78.8,3.36
500,belaya gora,0,UA,1595978033,65,49.03,25.77,69.01,1.01
501,annau,0,TM,1595978033,48,37.89,58.52,82.4,4.7
502,sao desiderio,100,IN,1595978033,92,20.51,76.21,74.39,7.76
503,warwick,40,US,1595977917,78,41.7,-71.42,86.0,5.46
504,oranjemund,58,NA,1595978033,80,-28.55,16.43,55.99,14.25
505,grimshaw,40,CA,1595978034,60,56.18,-117.6,73.4,5.82
506,aitape,33,PG,1595978034,72,-3.14,142.35,82.69,3.29
507,lujiang,90,CN,1595978034,100,31.26,117.28,78.01,4.47
508,salinopolis,35,BR,1595978034,85,-0.61,-47.36,79.38,14.18
509,hofn,83,IS,1595978034,86,64.25,-15.21,50.7,7.2
510,imeni poliny osipenko,96,NG,1595978034,97,7.32,5.96,69.55,4.83
511,isiro,93,CD,1595978035,96,2.77,27.62,66.42,1.59
512,newport,31,GB,1595977996,82,51.59,-3.0,60.01,7.18
513,matara,100,LK,1595978035,87,5.95,80.54,77.5,11.52
514,makubetsu,25,JP,1595978035,81,45.37,141.82,63.81,7.7
515,itarema,0,BR,1595978035,76,-2.92,-39.92,78.44,13.85
516,mandera,70,KE,1595978035,66,3.94,41.87,78.55,19.64
517,shenjiamen,99,CN,1595978035,90,29.96,122.3,79.65,13.29
518,mumbwa,0,ZM,1595978035,81,-14.98,27.06,51.64,5.01
519,kijang,90,KR,1595978035,94,35.24,129.21,75.2,1.12
520,mogadishu,17,SO,1595978036,85,2.04,45.34,76.78,15.46
521,safford,1,US,1595978036,15,32.83,-109.71,104.0,3.36
522,shalinskoye,0,RU,1595978036,91,55.72,93.76,54.5,2.46
523,tera,86,NE,1595978036,53,14.01,0.75,86.34,10.2
524,iskateley,8,RU,1595978036,92,67.68,53.15,44.49,8.61
525,moron,0,AR,1595977837,52,-34.65,-58.62,50.0,4.41
526,gorgan,0,IR,1595978036,88,36.84,54.43,77.0,0.36
527,sinnamary,5,GF,1595978036,86,5.38,-52.95,79.97,13.24
528,egvekinot,89,RU,1595978037,70,66.32,-179.17,48.65,6.42
529,george,66,ZA,1595977867,93,-33.96,22.46,55.4,4.7
530,hadejia,78,NG,1595978037,66,12.45,10.04,82.17,9.01
531,mayo,75,US,1595978037,58,38.89,-76.51,89.6,5.82
532,tungor,0,RU,1595978037,69,53.38,142.96,70.63,12.3
533,pithora,100,IN,1595978038,89,21.27,82.52,78.73,2.64
534,bilibino,99,RU,1595978038,52,68.05,166.44,55.13,2.82
535,nishihara,40,JP,1595978038,94,26.18,127.76,84.2,10.29
536,haapiti,40,PF,1595978038,62,-17.57,-149.87,84.2,18.34
537,izumo,75,JP,1595978038,94,35.37,132.77,77.0,2.24
538,natal,1,BR,1595978038,83,-5.79,-35.21,73.4,3.36
539,moctezuma,7,MX,1595978038,31,29.8,-109.67,97.99,5.48
540,westerland,46,DE,1595978038,72,54.91,8.3,59.0,19.46
541,inirida,40,CO,1595978039,89,3.87,-67.92,77.2,2.46
542,korla,45,CN,1595978039,55,41.76,86.15,82.99,4.0
543,alma,40,CA,1595978039,47,48.55,-71.65,80.6,9.17
544,nokha,91,IN,1595978039,63,27.6,73.42,87.76,17.76
545,amboasary,0,MG,1595978039,82,-25.03,46.38,59.86,3.76
546,port hardy,25,CD,1595977975,52,-7.03,29.76,71.15,4.14
547,tabuk,95,PH,1595978040,83,17.42,121.44,77.16,1.28
548,noyabrsk,90,RU,1595978040,87,63.2,75.45,48.09,7.83
549,san vicente,94,ML,1595977869,65,13.3,-4.9,82.08,5.5
550,nautla,72,MX,1595978040,63,20.22,-96.78,87.51,8.57
551,windsor,75,CA,1595977990,48,42.3,-83.02,86.0,13.87
552,verkhoyansk,86,RU,1595978040,56,67.54,133.38,52.45,6.98
553,saint-joseph,99,RE,1595978040,73,-21.37,55.62,69.8,19.46
554,atar,0,MR,1595978040,30,20.52,-13.05,89.78,14.43
555,paita,2,PE,1595978041,81,-5.09,-81.11,63.07,16.11
556,mayya,99,RU,1595978041,72,61.73,130.28,59.0,4.47
557,gobabis,0,NA,1595978041,39,-22.45,18.97,46.4,1.12
558,berlevag,33,NO,1595978041,93,70.86,29.09,51.8,2.24
559,aldan,59,RU,1595978041,76,58.6,125.39,71.96,8.72
560,alice springs,20,US,1595977783,83,27.75,-98.07,80.6,4.7
561,kalloni,0,GR,1595978041,74,39.23,26.21,78.8,6.93
562,santander,90,ES,1595978041,94,43.46,-3.8,68.0,6.98
563,burns lake,40,US,1595978042,20,43.59,-119.05,87.8,19.46
564,novikovo,19,RU,1595978042,66,51.15,37.89,64.87,6.42
565,takoradi,24,GH,1595978042,88,4.88,-1.76,73.92,8.34
566,kanigoro,32,ID,1595978042,87,-8.13,112.22,68.83,6.6
567,acarau,1,BR,1595977850,76,-2.89,-40.12,78.39,14.79
568,punta alta,45,PH,1595978042,77,8.99,125.34,79.54,3.76
569,mpika,54,ZM,1595978042,81,-11.83,31.45,54.34,9.66
570,suntar,100,RU,1595978042,93,62.14,117.63,50.77,4.94
571,luganville,75,VU,1595978042,78,-15.53,167.17,80.6,9.17
572,nanakuli,40,US,1595978043,45,21.39,-158.15,87.8,12.75
573,kalevala,58,RU,1595978043,68,65.2,31.17,56.95,7.05
574,roshchino,75,RU,1595978043,96,60.25,29.61,64.0,1.72
575,kazuno,75,JP,1595978043,88,40.18,140.79,69.8,3.36
576,mason city,1,US,1595977850,45,39.36,-84.31,87.01,5.82
577,imbituba,75,BR,1595978043,93,-28.24,-48.67,55.4,13.87
578,lethem,99,GY,1595978043,80,3.38,-59.8,79.18,4.83
579,mountain home,90,CO,1595978043,88,13.37,-81.37,82.4,9.17
580,manjacaze,0,MZ,1595978044,85,-24.71,33.88,54.66,5.17
